# D
28

# D_
1 3 5 8 10 12 15 17 19 22 24 26

# D_star
14 28

# P
10

# Player_names
Player1 Player2 Player3 Player4 Player5 Player6 Player7 Player8 Player9 Player10

# S
5

# Skill_names
Dribling Passing Shooting Defending Rebounding

# T
3

# Tactic_names
Tactic1 Tactic2 Tactic3

# E
8

# Exercise_names
Exercise1 Exercise2 Exercise3 Exercise4 Exercise5 Exercise6 Exercise7 Exercise8

# a0
100 90 110 85 100 100 90 110 85 100

# b0
5 6 7 8 6 5 6 7 8 6
8 9 5 6 7 8 9 5 6 7
4 5 9 8 6 4 5 9 8 6
5 6 7 8 6 5 6 7 8 6
8 9 5 6 7 8 9 5 6 7

# c0
7 6 4 6 6 7 6 4 6 6
8 5 5 8 7 8 5 5 8 7
4 5 4 8 6 4 5 4 8 6

# h
1 1 1 1 1 1 1 1 1 1 1 1
1 1 0 1 1 0 1 1 0 1 1 0
1 0 1 1 1 1 1 0 1 1 1 1
1 0 1 1 0 1 1 0 1 1 0 1
1 1 1 1 1 1 1 1 1 1 1 1
1 1 1 1 1 1 1 1 1 1 1 1
1 1 0 1 1 0 1 1 0 1 1 0
1 0 1 1 1 1 1 0 1 1 1 1
1 0 1 1 0 1 1 0 1 1 0 1
1 1 1 1 1 1 1 1 1 1 1 1

# w
1 3 4 5 2 1 5 4

# b
5 5 4 3 3 3 4 3
4 3 2 5 1 5 5 3
1 2 3 4 5 1 2 3
4 3 2 5 1 5 5 3
1 2 3 4 5 1 2 3

# c
5 5 4 3 3 3 4 3
4 3 2 5 1 5 5 3
1 2 3 4 5 1 2 3

# v
2 3 4 2 1 1 3 4

# V
9 9 9 9 9 9 9 9 9 9 9 9

# B_star
10 10 10 10 10 10 10 10 10 10
9 9 9 9 9 9 9 9 9 9
8 8 8 8 8 8 8 8 8 8
9 9 9 9 9 9 9 9 9 9
8 8 8 8 8 8 8 8 8 8

20 20 20 20 20 20 20 20 20 20
18 18 18 18 18 18 18 18 18 18
16 16 16 16 16 16 16 16 16 16
18 18 18 18 18 18 18 18 18 18
16 16 16 16 16 16 16 16 16 16

# C_star
10 10 10 10 10 10 10 10 10 10
9 9 9 9 9 9 9 9 9 9
8 8 8 8 8 8 8 8 8 8

20 20 20 20 20 20 20 20 20 20
18 18 18 18 18 18 18 18 18 18
16 16 16 16 16 16 16 16 16 16