# M
5

# N
10

# K
3

# L
24

# T
12

# Q
3

# theta
4 8 12

# d
1 2 3 1 2 3 1 2 3 1

# alpha
4 5 6
1 2 3
5 0 5
7 7 2
1 1 10
9 9 0
1 1 2
5 5 5
1 10 7
6 4 3

# tau
1 2 3 4 5 1 2 3 4 5

# beta
1 1 1 1 1 1 1 1 1 1 1 1
1 1 1 1 1 1 1 1 1 1 1 1
1 1 0 1 1 0 1 1 0 1 1 0
1 0 0 0 1 1 1 1 1 1 1 1
1 0 1 1 0 1 1 0 0 1 0 1

# rho_k
100 110 90
80 80 80
100 100 100
110 110 80
90 100 110

# rho
100 120 80 80 85

# gamma
5 5 5
5 5 5
5 5 5

5 5 5
5 5 5
5 5 5

5 5 5
5 5 5
5 5 5

5 5 5
5 5 5
5 5 5

5 5 5
5 5 5
5 5 5

# rho_
3 3 3
3 3 3
3 3 3
3 3 3
3 3 3